
function XYZ = D65
%     XYZ = [0.950469988842714, 1.000000013046456, 1.088830006023924];
    XYZ = [0.95047, 1, 1.08883];
end

