
function XYZ = D65
    XYZ = [0.95047, 1, 1.08883];
end

