
function XYZ = D65
    XYZ = [ ...
        0.950469988842714, ...
        1.000000013046455, ...
        1.088830006023924];
end

