
function param = proLab_param

    param.m = [2.159072618793409  -1.782348045417231  -0.071328170672801   2.086568095471216   0.210264664762595   0.755362198406021   3.866609646816315   1.673869828816952];
    param.Q = 1.0e+02 * [0.755362206159585   4.866609636500914   1.673869831378788 0
        6.177140886995143  -5.954477384591136  -0.222663502404010   0
        0.483432883468812   1.949376826435850  -2.432809709904663   0
        0.007553621984060   0.038666096468163   0.016738698288170   0.01];
   
end

