
function param = proLab_param
    param.Q = [
         75.54,  486.66,  167.39, 0;
        617.72, -595.45,  -22.27, 0;
         48.34,  194.94, -243.28, 0;
        0.7554,  3.8666,  1.6739, 1];
end

