
function matrix = LMS_matrix
%     matrix_1 = [0.38971, 0.68898, -0.07868; ...
%              -0.22981, 1.18340, 0.04641; ...
%               0, 0, 1];
    matrix_2 = [0.4002, 0.7076, -0.0808; ...
             -0.2263, 1.1653, 0.0457; ...
              0, 0, 0.9182];
    matrix = matrix_2;
end

% matrix_1 * [1; 1; 1]
% matrix_2 * D65